procs -----------memory---------- ---swap-- -----io---- -system-- ------cpu-----
 r  b   swpd  libre búfer caché   si   so    bi    bo   in   cs us sy id wa st
 5  0   1736 129036  53512 261720    0    0    98    56  106  366 11  1 86  2  0
 0  0   1736 128536  53752 261760    0    0     0   524  230  904  9  5 75 12  0
 2  0   1736 127668  54100 262272    0    0    80   474  314 1540 21  9 68  3  0
 0  0   1736 127016  54448 262520    0    0   178   600  229 1108 11  6 77  7  0
 2  0   1736 127036  54448 262512    0    0     0     0  104  329  2  0 98  0  0
 1  1   1736 127004  54628 262524    0    0     0   364  136  745  8  4 79  9  0
 0  0   1736 126880  54872 262488    0    0     0   472  225 1009  8  7 70 14  0
 0  1   1736 126540  55160 262512    0    0     0   612  161  654  9  4 63 24  0
 0  0   1736 126404  55312 262516    0    0     0   372  160  664 12  2 44 42  0
 0  0   1736 126124  55520 262492    0    0     0   430  333  937  9  6 49 36  0
 0  0   1736 125476  55784 262496    0    0     0   522  307 1508 14  8 63 15  0
 2  1   1736 123704  55912 262636    0    0     0   364  295 1911 21 10 62  7  0
 3  0   1736 123896  56168 262608    0    0     0   568  278 1061 17  5 70  9  0
 1  0   1736 123896  56272 262600    0    0     0   232  252  861 10  4 78  8  0
 0  0   1736 124020  56544 262752    0    0     0   596  311  866 12  5 75  8  0
 0  0   1736 123652  56752 262744    0    0     0   454  443 1964 19 11 63  7  0
 0  0   1736 123648  56880 262768    0    0     0   288  194  702  9  3 85  4  0
 2  0   1736 123648  57240 262768    0    0     0   748  364  973 13  7 65 15  0
 0  0   1736 122904  57368 262768    0    0     0   270  283 1741 19 10 63  8  0
 2  1   1736 122912  57552 262768    0    0     0   412  365  806  7  4 81  8  0
